Learning Rate: 1e-05\nIterations: 10000\nFinal MSE: 0.009096\nStructure: 12-8-1\nWeights Input-Hidden:\n[[-0.248   0.9092  0.4903  0.2091 -0.6641 -0.6903 -0.8711  0.7329]
 [ 0.2059  0.4255 -0.9281  0.9542  0.6931 -0.5777 -0.6212 -0.6325]
 [-0.3891  0.0555 -0.0776 -0.4578  0.2448 -0.7245 -0.3946 -0.2673]
 [-0.0873  0.5719 -0.5825  0.0125  0.1901 -0.9084  0.2215 -0.659 ]
 [-0.8653  0.9097  0.9935  0.6076 -0.3521 -0.809   0.3944 -0.1191]
 [-0.7531 -0.002  -0.9172  0.828  -0.4594  0.3228 -0.3664  0.0407]
 [ 0.0843 -0.6537  0.9054  0.4624  0.8081  0.791   0.1704  0.8419]
 [-0.822  -0.6053 -0.9038 -0.3427 -0.2166 -0.4576  0.6608 -0.2863]
 [-0.4374  0.0875 -0.7139  0.6071 -0.845   0.9728  0.5472 -0.6025]
 [-0.9747  0.6666  0.5461  0.5177  0.6585 -0.8582 -0.2214 -0.766 ]
 [ 0.709   0.1994 -0.4386 -1.0037 -0.5117 -0.3392  0.3991  0.2711]
 [ 0.8015  0.0164 -0.5377  0.5477  0.7352  0.1036  0.6543 -0.0071]]\nWeights Hidden-Output:\n[[-0.1565]
 [-0.485 ]
 [-1.0907]
 [-1.309 ]
 [-1.3065]
 [ 0.2314]
 [-0.5662]
 [ 0.006 ]]\nMean Absolute Error (MAE): 15287.28\nRoot Mean Square Error (RMSE): 23392.92\nR² Score: -0.05\n